Solution in 19 moves
      0        1        2
0     2        .        3
1     7        1        5
2     6        4        8
Move 1 - [0, 1]
      0        1        2
0     2        3        .
1     7        1        5
2     6        4        8
Move 2 - [1, 0]
      0        1        2
0     2        3        5
1     7        1        .
2     6        4        8
Move 3 - [1, 0]
      0        1        2
0     2        3        5
1     7        1        8
2     6        4        .
Move 4 - [0, -1]
      0        1        2
0     2        3        5
1     7        1        8
2     6        .        4
Move 5 - [0, -1]
      0        1        2
0     2        3        5
1     7        1        8
2     .        6        4
Move 6 - [-1, 0]
      0        1        2
0     2        3        5
1     .        1        8
2     7        6        4
Move 7 - [0, 1]
      0        1        2
0     2        3        5
1     1        .        8
2     7        6        4
Move 8 - [0, 1]
      0        1        2
0     2        3        5
1     1        8        .
2     7        6        4
Move 9 - [1, 0]
      0        1        2
0     2        3        5
1     1        8        4
2     7        6        .
Move 10 - [0, -1]
      0        1        2
0     2        3        5
1     1        8        4
2     7        .        6
Move 11 - [-1, 0]
      0        1        2
0     2        3        5
1     1        .        4
2     7        8        6
Move 12 - [0, 1]
      0        1        2
0     2        3        5
1     1        4        .
2     7        8        6
Move 13 - [-1, 0]
      0        1        2
0     2        3        .
1     1        4        5
2     7        8        6
Move 14 - [0, -1]
      0        1        2
0     2        .        3
1     1        4        5
2     7        8        6
Move 15 - [0, -1]
      0        1        2
0     .        2        3
1     1        4        5
2     7        8        6
Move 16 - [1, 0]
      0        1        2
0     1        2        3
1     .        4        5
2     7        8        6
Move 17 - [0, 1]
      0        1        2
0     1        2        3
1     4        .        5
2     7        8        6
Move 18 - [0, 1]
      0        1        2
0     1        2        3
1     4        5        .
2     7        8        6
Move 19 - [1, 0]
      0        1        2
0     1        2        3
1     4        5        6
2     7        8        .

Process finished with exit code 0